restitution = 0.1
tread = 0.0
rolling-resistance = 1.3e-2, 6.5e-6
# Lateral force
a0=1.4
a1=-0
a2=1500
a3=2400
a4=6.026
a5=0
a6=-0.359
a7=1.0
a8=0
a9=-0.00611
a10=-0.0322
a111=0
a112=0
a12=0
a13=0
# Longitudinal force
b0=1.65
b1=0
b2=1690
b3=0
b4=229
b5=0
b6=0
b7=0
b8=-1.0
b9=0
b10=0
b11=0
b12=0
# Aligning moment
c0=2.07
c1=-6.49
c2=-21.9
c3=-0.416
c4=-21.3
c5=0.0294
c6=0.0
c7=-1.2
c8=5.23
c9=-14.8
c10=0.0
c11=0.0
c12=-0.00374
c13=0.0389
c14=0.0
c15=0.0
c16=0.639
c17=1.69